024141201706164300016                             0.00Factura de ventas N1127             0.00       0            0.00 0.00 0.001127                     00     0        0.000000            0.00            0.00                       0.002        66701.87            0.00            0.00F                  0            0.00            0.00F        EF                   F                                0.00 0.00     0            0.00
024141201706167050100                             0.00Factura de ventas N1127             0.00       0            0.00 0.00 0.001127      1000           00     0        0.000000            0.00            0.00                       0.002            0.00         8458.89            0.00F                  0            0.00            0.00F        EF                   F                                0.00 0.00     0            0.00
024141201706167050110                             0.00Factura de ventas N1127             0.00       0            0.00 0.00 0.001127      1000           00     0        0.000000            0.00            0.00                       0.002            0.00         9476.46            0.00F                  0            0.00            0.00F        EF                   F                                0.00 0.00     0            0.00
024141201706167050120                             0.00Factura de ventas N1127             0.00       0            0.00 0.00 0.001127      1000           00     0        0.000000            0.00            0.00                       0.002            0.00        25470.75            0.00F                  0            0.00            0.00F        EF                   F                                0.00 0.00     0            0.00
024141201706167050130                             0.00Factura de ventas N1127             0.00       0            0.00 0.00 0.001127      1000           00     0        0.000000            0.00            0.00                       0.002            0.00        10834.90            0.00F                  0            0.00            0.00F        EF                   F                                0.00 0.00     0            0.00
024141201706167050140                             0.00Factura de ventas N1127             0.00       0            0.00 0.00 0.001127      1000           00     0        0.000000            0.00            0.00                       0.002            0.00          214.44            0.00F                  0            0.00            0.00F        EF                   F                                0.00 0.00     0            0.00
024141201706167050180                             0.00Factura de ventas N1127             0.00       0            0.00 0.00 0.001127      1000           00     0        0.000000            0.00            0.00                       0.002            0.00          132.06            0.00F                  0            0.00            0.00F        EF                   F                                0.00 0.00     0            0.00
02414120170616                                    0.00Factura de ventas N1127             0.00       0            0.00 0.00 0.001127      1000           00     0        0.000000            0.00            0.00                       0.002            0.00          353.55            0.00F                  0            0.00            0.00F        EF                   F                                0.00 0.00     0            0.00
024141201706167050130                             0.00Factura de ventas N1127             0.00       0            0.00 0.00 0.001127      1000           00     0        0.000000            0.00            0.00                       0.002            0.00          184.46            0.00F                  0            0.00            0.00F        EF                   F                                0.00 0.00     0            0.00
024141201706164770021     4300016                 0.00Factura de ventas N1127             0.00       0            0.0021.00 0.001127                     00     0        0.000000            0.00            0.00                       0.002            0.00        11576.36        55125.51F                  0            0.00            0.00F        EF                   F                                0.00 0.00     0            0.00
